
Time 0
Waiting clients: 
(1, 1, 5); (8, 1, 7); (9, 1, 5); (4, 2, 6); (7, 2, 8); (10, 2, 4); (2, 3, 6); (3, 3, 4); (5, 3, 5); (6, 3, 5); 
Queue: 1: Empty
Queue: 2: Empty

Time 1
Waiting clients: 
(4, 2, 6); (7, 2, 8); (10, 2, 4); (2, 3, 6); (3, 3, 4); (5, 3, 5); (6, 3, 5); 
Queue: 1: (1, 1, 5); (9, 1, 5); 
Queue: 2: (8, 1, 7); 

Time 2
Waiting clients: 
(2, 3, 6); (3, 3, 4); (5, 3, 5); (6, 3, 5); 
Queue: 1: (1, 1, 5); (9, 1, 5); (7, 2, 8); 
Queue: 2: (8, 1, 7); (4, 2, 6); (10, 2, 4); 

Time 3
Waiting clients: 

Queue: 1: (1, 1, 5); (9, 1, 5); (7, 2, 8); (3, 3, 4); (6, 3, 5); 
Queue: 2: (8, 1, 7); (4, 2, 6); (10, 2, 4); (2, 3, 6); (5, 3, 5); 

Time 4
Waiting clients: 

Queue: 1: (1, 1, 5); (9, 1, 5); (7, 2, 8); (3, 3, 4); (6, 3, 5); 
Queue: 2: (8, 1, 7); (4, 2, 6); (10, 2, 4); (2, 3, 6); (5, 3, 5); 

Time 5
Waiting clients: 

Queue: 1: (1, 1, 5); (9, 1, 5); (7, 2, 8); (3, 3, 4); (6, 3, 5); 
Queue: 2: (8, 1, 7); (4, 2, 6); (10, 2, 4); (2, 3, 6); (5, 3, 5); 

Time 6
Waiting clients: 

Queue: 1: (1, 1, 5); (9, 1, 5); (7, 2, 8); (3, 3, 4); (6, 3, 5); 
Queue: 2: (8, 1, 7); (4, 2, 6); (10, 2, 4); (2, 3, 6); (5, 3, 5); 

Time 7
Waiting clients: 

Queue: 1: (9, 1, 5); (7, 2, 8); (3, 3, 4); (6, 3, 5); 
Queue: 2: (8, 1, 7); (4, 2, 6); (10, 2, 4); (2, 3, 6); (5, 3, 5); 

Time 8
Waiting clients: 

Queue: 1: (9, 1, 5); (7, 2, 8); (3, 3, 4); (6, 3, 5); 
Queue: 2: (8, 1, 7); (4, 2, 6); (10, 2, 4); (2, 3, 6); (5, 3, 5); 

Time 9
Waiting clients: 

Queue: 1: (9, 1, 5); (7, 2, 8); (3, 3, 4); (6, 3, 5); 
Queue: 2: (4, 2, 6); (10, 2, 4); (2, 3, 6); (5, 3, 5); 

Time 10
Waiting clients: 

Queue: 1: (9, 1, 5); (7, 2, 8); (3, 3, 4); (6, 3, 5); 
Queue: 2: (4, 2, 6); (10, 2, 4); (2, 3, 6); (5, 3, 5); 

Time 11
Waiting clients: 

Queue: 1: (9, 1, 5); (7, 2, 8); (3, 3, 4); (6, 3, 5); 
Queue: 2: (4, 2, 6); (10, 2, 4); (2, 3, 6); (5, 3, 5); 

Time 12
Waiting clients: 

Queue: 1: (7, 2, 8); (3, 3, 4); (6, 3, 5); 
Queue: 2: (4, 2, 6); (10, 2, 4); (2, 3, 6); (5, 3, 5); 

Time 13
Waiting clients: 

Queue: 1: (7, 2, 8); (3, 3, 4); (6, 3, 5); 
Queue: 2: (4, 2, 6); (10, 2, 4); (2, 3, 6); (5, 3, 5); 

Time 14
Waiting clients: 

Queue: 1: (7, 2, 8); (3, 3, 4); (6, 3, 5); 
Queue: 2: (4, 2, 6); (10, 2, 4); (2, 3, 6); (5, 3, 5); 

Time 15
Waiting clients: 

Queue: 1: (7, 2, 8); (3, 3, 4); (6, 3, 5); 
Queue: 2: (10, 2, 4); (2, 3, 6); (5, 3, 5); 

Time 16
Waiting clients: 

Queue: 1: (7, 2, 8); (3, 3, 4); (6, 3, 5); 
Queue: 2: (10, 2, 4); (2, 3, 6); (5, 3, 5); 

Time 17
Waiting clients: 

Queue: 1: (7, 2, 8); (3, 3, 4); (6, 3, 5); 
Queue: 2: (10, 2, 4); (2, 3, 6); (5, 3, 5); 

Time 18
Waiting clients: 

Queue: 1: (7, 2, 8); (3, 3, 4); (6, 3, 5); 
Queue: 2: (2, 3, 6); (5, 3, 5); 

Time 19
Waiting clients: 

Queue: 1: (3, 3, 4); (6, 3, 5); 
Queue: 2: (2, 3, 6); (5, 3, 5); 

Average waiting time: 14.1

Average service time: 5.5

Peek hour: 3 with 10 in total.
